1337621846294: 0 
1337621846295: 1 2 0 
1337621846296: 3 1 2 
1337621846297: 4 5 6 3 4 
1337621846298: 7 8 5 6 
1337621846299: 9 10 11 12 7 
1337621846300: 13 14 8 9 
1337621846301: 10 11 12 
1337621846302: 15 16 13 14 
1337621846303: 17 18 19 20 15 16 
1337621846304: 21 22 23 24 
1337621846305: 25 26 27 28 17 18 19 
1337621846306: 29 30 20 21 
1337621846307: 22 23 24 25 
1337621846308: 26 27 28 29 
1337621846309: 31 32 33 30 31 
1337621846310: 34 35 36 37 32 33 
1337621846311: 38 39 40 41 34 35 
1337621846312: 42 43 44 45 36 37 38 
1337621846313: 46 47 48 39 40 
1337621846314: 49 50 51 41 42 43 
1337621846315: 52 53 54 55 44 45 
1337621846316: 56 57 58 46 47 
1337621846317: 59 60 61 62 48 49 
1337621846318: 50 51 52 
1337621846319: 53 54 
1337621846320: 55 56 57 58 
1337621846321: 59 60 61 
1337621846322: 63 64 65 66 62 
1337621846323: 67 68 69 70 63 64 
1337621846324: 71 72 73 74 75 
1337621846325: 76 77 78 79 80 
1337621846326: 81 82 83 84 
1337621846327: 85 86 87 88 89 
1337621846328: 90 91 92 
